4917661003137
491711111005
4915901607199
4915118426255
4915209530900
491784139304
491753634887
491732715061
491755967403
491732085901
491627756040
491626843125
491608954596
491788864660
491731842428
4915904819485
491729883651
491623592961
4917684407845
4915773564377
491775013974
4917631278684
491772099666
491726642653
4915203168255
4917686590990
491777231707
4915901703950
4917680530017
491702424043
4915731387130
4917634427590
4915259457601
491722059653
491781146144
491756649208
4915785287887
491608435254
4915214516140
491791645194
491778358884
491637598086
491602995445
491726583127
4915150629793
4915254968629
4915154942082
4915155487559
4915737819880
491608365660
4917632901783
491788224472
4915223808401
4915110675386
4917643268376
491775045576
4915222301605
4917631783920
491773608812
4915209415026
491782307670
4917632276263
491639633333
491637716503
491723055758
4915775887952
491757561776
4917662169730
4917670635886
491605424820
491732742413
491629337128
4915224432307
4915205911828
4917634372054
491706131698
491788681440
491624384567
491774045962
4915259604977
491794992287
4915211480295
491782093047
4915759438518
4917623644550
4915757299492
4915224375952
491777803314
4917664006191
491724095034
4915238510343
4917663280467
491786045420
491705982115
491737138817
4917684452577
491715160357
491749523639
491773023996
4915906501098
4917673121494
491785535453
4917655538359
491746575772
4917684375142
4916090575709
491727314131
491723774420
491778532920
491629244684
4917656986228
4915232145368
491732730055
491727084264
4917623525525
4915737794777
4915170838547
4917655701437
491726131148
4917666604679
491623210510
491795637676
491749234405
4917630659631
491633312881
491607906413
491718566560
491638334718
4915237389425
491725946503
491622373068
4915208004338
4915757745361
4917670370335
4917656332123
491737482075
4917661644918
4915753330860
491755062018
491732032760
4915172155733
4915123494111
491711683559
491733252222
4917627654445
491717894567
4915734971056
491796739241
4915778278783
4917634460976
491724546406
491633229360
491728295406
491781449118
4917630621758
491603454903
491777971236
491732942612
4915253587387
4917661380227
491732522011
4917673566736
491728605230
491705528795
491726237998
491603235475
4917657756683
491632657540
491729377096
491624100466
4917622644251
4915216887371
491742482137
491751803800
4917623367276
491631974028
4917631541660
4915172629130
491718626895
491624443138
4917636871258
4915254516727
491791041387
491723457151
4917670279417
491636048796
491719583110
4915730956301
4917655770055
491785793497
4915140119010
4915736596662
491744647393
491722790732
491608586620
491791135638
491707470800
4917682056874
491704885396
4915776369758
4917684345915
491738915676
4917645860918
491728115290
4915201934051
491782747243
4915119343021
4915165876962
491601459508
4915205992256
4917657943035
491774499720
4915901199284
491787163131
4915151171237
491702865308
4917680347866
4915221821740
491623756494
4917666089929
4915253480854
491731975945
491746632392
491626610000
491748089953
491725921648
4915224312134
491781472971
491708156366
4915115237494
4915205920426
4915256951472
491736193683
491794201281
4915733678250
491794676979
491747157763
491633425375
491717702320
491639834787
4915773901837
4917643853167
491755411617
491714859599
491622809003
491735124588
491708138791
4915154384351
491624625234
4915223039040
4915733756153
491601570433
4915146545657
4915775346134
4917674742835
491734192118
491632057866
491729000866
491602402007
4917662279563
491772092451
4915776139457
4917663247396
491772775531
491782940418
4917660857373
4915202986388
491702905095
491736742630
4915759544317
4915735331075
491701871923
491724683109
4917663452446
491726127473
4917660605619
491629148927
491739879148
491733507881
491629147760
4915785633095
4915255710085
491633129360
491784234282
491738022576
491722372964
491724207857
4915788046150
491797809173
4917624690506
4915144512392
4915771429591
491728092386
4915238593513
4915115034037
491771428511
491777505978
4915739621405
491601194804
491741306584





