Group link（群组链接）：https://t.me/+Yy1hho4kZvQ4ZjM9

GroupName (群组名称)：

Group management(群组管理)：
821079704821

client（料子）
821020213236
821020254800
821020229484
821020201882
821020202224
821020200471
821020282079
821020235236
821020293422
821020215588
821020244594
821020241808
821020214924
821020288184
821020200200
821020248037
821020252188
821020236880
821020267436
821020254842
821020231260
821020204048
821020251218
821020291719
821020278643
821020228234
821020297863
821020222098
821020238282
821020215051
821020255141
821020234500
821020253179
821020245162
821020209772
821020217243
821020235219
821020225307
821020200682
821020217888
821020224897
821020240730
821020290160
821020266027
821020275964
821020270750
821020297161
821020272212
821020297518
821020269536
821020280617
821020225225
821020227722
821020236957
821020202515
821020259513
821020279625
821020238727
821020240506
821020219467
821020276726
821020201195
821020272054
821020282546
821020277308
821020290725
821020289963
821020210396
821020299008
821020281058
821020263767
821020297969
821020228104
821020268106
821020288822
821020205312
821020293222
821020284568
821020206032
821020289213
821020279305
821020276358
821020206039
821020234772
821020298262
821020202309
821020215958
821020230238
821020265633
821020209892
821020240432
821020214499
821020224320
821020268460
821020259880
821020224956
821020273682
821020242905
821020220089
821020237393