821020131384
821020102136
821039015918
821020103323
821020153898
821020124854
821020175369
821020183933
821020149968
821020100110
821079704811
821020177742
821039016702
821020139141
821020177908
821020108794
821020150753
821039019627
821020143400
821020121487
821020196223
821039010572
821020196428
821020101212
821020176492
821020195132
821020151901
821020113567
821020198651
821020163482
821020147800
821020153737
821020118654
821020122844
821020183752
821020114079
821020158794
821020161133
821020172470
821020125934
821020110715
821020167979
821020179821
821020132623
821020171633
821020134708
821020126619
821020133513
821020158879
821020103221
821020111166
821020191094
821020110813
821020186640
821020152569
821020119674
821020164128
821020114289
821020198819
821020148330
821020107684
821020183457
821020166321
821020125749
821020138469
821020199137
821020125879
821020197443
821020101678
821020188779
821020178750
821020152689
821020179281
821020122298
821020140164
821020134766
821020170670
821020114936
821020117258
821020154990
821020135524
821020149996
821020137248
821020199563
821020120956
821020102474
821020124597
821020136548
821020107901
821020121834
821020141302
821020122077
821020120498
821020140988
821020196427
821020123120
821020195354
821020103206
821020148858
821020161078
821020106513
821020170278
821020153484
821020171496
821020175610
